0
211
307
377
423.5
461
476.5
492.5
515
533.5
573
722
799
847.9398399485016
871.8911848626709
891.6873711602173
903.1583021087189
915.4453839771118
931.8484819427796
953.3677490839233
977.2919991087189
1006.3191300038147
1040.7883479656678
1124.8406721373292
1179.1393298817443
1211.413807011444
1262.4666251850128
1307.1918290209808
1340.6432851335144
1383.5478989523162
1444.874700082016
1500.4141599847412
1553.1531278989105
1598.153670038147
1621.8574049408721
1642.261532131607
1655.4221868607635
1682.8566159103545
1717.4050360267029
1757.8863460095367
1791.3507860972747
1849.6088591163482
1873.6669920381469
1901.070878824524
1986.9918610457764
2025.4318700228882
2051.7492099923707
2086.804802072479
2114.1672760095366
2161.5790081296996
2184.8528630152587
2212.9369379465943
2249.118659152588
2274.7535950076294
2300.599251108719
2330.7389848435973
2350.3326698817446
2405.9910518931883
2461.206197137329
2515.441353152588
2571.8798879771116
2616.4489518607634
2658.265460022888
2732.1467841907347
2768.648725032425
2828.9653389542236
2850.39114902861
2874.3087178302458
2897.2206520610353
2917.272872114441
2958.85248012207
2993.248958110626
3027.1975520152587
3057.3688651449584
3107.7955229485015
3126.940498011444
3158.6961709809266
3244.7440238779295
3293.7943529923705
3365.239047040054
3419.842319982834
3455.134727162125
3492.7920240400545
3532.450195874115
3568.0214300133516
3606.4715620247957
3623.795699824524
3650.5719270190734
3681.4554980572207
3706.728491009537
3754.898756959946
3787.205623219345
3845.852174167847
3936.5120128874664
3986.6387370400544
4029.455538944687
4045.229346874115
4120.680811049591
4148.946339794006
4193.2086479198915
4225.7078479561305
4281.107077003815
4288.223437108719
4309.892860855041
4339.399525099182
4391.037080982834
4407.293016946594
4545.925794908448
4614.948698160218
4627.893119950409
4642.16006093515
4656.1875069694825
4666.494001832153
4677.108937897003
4685.907299114441
4693.381434929428
4701.094475980926
4710.454843083923
4719.371325832153
4727.799783879837
4736.398675131607
4750.815540847412
4761.956523049591
4775.933340024795
4791.154869929428
4802.523639051498
4813.268849958038
4830.115509032425
4845.376701883652
