0
0
0
27.50083415449524
40.71744191226196
59.09398604005432
69.02796519264221
77.95567802479553
91.5731220553131
105.9111060038147
132.39175206103516
145.2944958035431
157.19095394850157
168.19887386457825
175.59118294277954
182.9428520038147
191.76821695994568
197.96037311634828
204.02423293324279
209.11182892370604
216.55048405531312
224.1433510228882
232.203709082016
241.80061788937377
251.35885812397765
259.03177883024597
266.45618020599363
272.6480851964569
280.14806017356875
284.23836805722044,11
296.0542431792908
307.90848593515017
318.6203128435974
326.2690368130798
333.4289690038147
342.17291892561343
348.2413250476837
354.3883229656677
359.3881930724792
366.79351311444094
374.203880207901
381.9399368779297
391.63515888937377
401.0472678321533
408.7172451564026
416.17226803242494
422.1535520743866
429.4683429332428
435.6115131449585
445.6831639752045
453.41529998283386
459.93757198664855
466.022664961853
474.6392408474121
484.6555648626709
498.70367795994565
511.232685043869
523.3822968874664
531.1357709046325
538.3809731678467
545.6721859866485
553.4011141182556
559.6713468531342
567.0959661182557
574.3680391525879
583.4564719675751
591.5260570896454
602.6241880934601
611.662214874115
619.262129043869
626.6451630362396
635.9793189351501
643.5221060648498
660.1930789752045
689.0989719713898
694.9057231125336,55
712.0896398760224
728.2448401735687
738.5372029809265
752.0342300152588
769.0045700095368,56
779.3972449141693
789.6598958531341
803.5002681354217
820.8354360171661
834.7148389771119
844.4765200286103
856.9166898664856
869.4113288989105
879.0669800591278
892.6839498073577
908.8197760038147
922.4685879313355
942.9877510209808
956.1950429294282
966.2338350705719
976.8734770591278
994.0379100495911
1007.6764610152588
1017.6038571468658
1027.8745042136231
1040.6913131964568
1053.4195789866485
1063.5786349828338
1076.904284066757
1093.263448950409
1106.9111949923706
1120.4071199370576
1135.4998890457764
1152.560644038147
1167.1890138893739
1188.366261055313
1211.0377069065398
1220.3221829580384,87
1227.413143929428
1236.5270598893737
1243.7490010648498
1251.731860982834
1259.18025093515
1265.3811509713898,89
1272.4765381735688
1280.2499040457765
1287.6181551468658
1294.0609510247955
1315.072849032425
1324.883041984741
1335.3225820400544,94
1345.1694881163482
1356.7782,87
1363.1547659351502
1372.9059928149873,87
1379.7893820991821
1389.2368950629425
1396.2146479542237
1404.070003923706
1411.6056910209809
1417.9155909485016,89
1424.8439329141693
1433.0564949523164
1440.3276200801085
1447.8701571106262,96
1453.7173720896453
1458.9912290743866
1464.1993220133515
1469.406576
1474.6059010171662
1479.950383938965
1485.326886874115
1491.0926399771117
1495.5356920476838
1499.231478912262
1502.7747779504089
1509.1592090514985
1515.6440281850128
1521.3587619103546
1527.1875080801087
1533.2238330953674
1539.8231159961854
1542.6062788760223,96
1546.9777439084473
1552.1876639370576
1557.3542400038148
1562.616972956131
1567.9301590419616
1573.1614489713897
1578.6654439694823
1583.857746055313
1588.482332961853
1592.198678087738
1595.8415779790191
1602.2495579465942
1608.4648210743867
1614.220305879837
1620.213725015259
1626.3541059217987
1633.0988339694825
1639.0340089103547
1644.5700129408722
1649.1225868264312
1654.3615209980926
1659.8093669599457
1664.3777799408722
1670.7860969332428
1677.2339299485016
1682.5305890419618
1687.8989568035431
1693.1678681373292
1698.6415829866485
1703.6568660915527
1708.0709111449585
1713.7845100953675
1719.0819660686645
1723.8016711544954
1727.5616550801087
1731.0902219103546
1738.3299729198914
1744.6660590019073
1750.046756988556
1756.2373260209808
1762.3673239790191
1767.9685100953675
1774.2398178550416
1779.3598768970032,113
1782.7795161602173
1788.1184998054505
1792.5641260476837
1798.2572660514984
1803.4092211163484
1807.8577938722076
1814.2338030343324
1820.6907580610352
1826.1934179485015
1831.5993749275208
1836.674309017166
1842.0018079866486
1847.2306359885558
1851.8813820038147
1856.9935020896453
1862.3448488569488
1867.0411839485016
1870.73906190654
1874.3690351564026
1881.8248439637605
1888.1840938931884
1893.145427152588
1899.6492889732972
1905.6891870305176
1911.146039114441
1917.5689549942779
