0
0
0
20.20105604196167
30.99216317738342
39.211556998092654
45.24250296757507
50.1549519294281
55.06524899046326
61.51309917929077
69.72283883596802
77.79318996948243
84.44143492561341
91.15402919836426
99.16391298474122
106.25122203433227
113.07558904768372
121.38046587411499
129.7521070152588
138.0315198664856
142.832440956131
151.0241479961853
157.6529342193451
164.361909125885
174.41325912588502
184.73309815068055
192.8548009446869
200.93323800572205
210.93343519454956
219.16495906866456
229.19641312969972
239.45352199618532
249.4372111411438
255.6661219408722
261.8629000705719
268.6469572193451
276.9678978664856
283.46038513160704
290.12765798664856
298.1186888435974
306.6631069790192
315.0418590839233
321.1752040553131
327.1512450514984
333.39939185313415
339.9427050190735
351.0278731106262
388.52776613160705
415.103395082016
435.0262059961853
459.1588370343323
477.55191795422365,47
508.598049082016
535.1740810343323
554.9508200038147
579.4059558893738
619.2332669427796
655.4497341602173
689.0731100610352
712.2585340305176
736.4175428893737
774.884693043869
800.7893068569489
811.7236920247956
822.8661840972748,58
833.7833168893737
845.046956879837
873.1736079923706
896.9197260419617,60
902.4540950362397
927.1499981049042,57
938.3505599542236
949.477756874115
964.860224,62
973.0882921163483
977.2104319313354
981.6430187825623
985.6649879656677
989.8433780133514
993.8739309237061
997.385298049591
1002.9624571430511
1008.2585391411438
1012.5232258435974
1016.8818308340607
1021.0336570629426
1025.5145750152587
1031.7332958664856
1038.3466019446869
1043.4507809847412
1047.8597829713897
1052.109104917984
1056.4081299275208
1060.6326968760222
1067.0482161487732
1072.4567760343323
1076.7585580095367
1081.4403929961852
1085.3421729198913
1090.927969038147
1095.9098368817445
1100.082875938965
1104.400614950409
1108.6850930076293
1112.7283430095367
1117.0958348722077
1121.3567348130798
1127.6684699656678
1133.0976220362397
1137.536141120163
1141.671616853134
1146.88840590654
1152.1752160038147
1158.46433406485
1164.8419549542236
1170.313855032425
1175.6222451182557
1179.9685450247955
1184.568912070572
1188.5680889923706
1192.9103809198914
