0
70.3817499847412
101.30395807629395
122.74068702670289
135.65345812969971
148.15754109346008
161.1401251678467
176.75729111634826
186.02024994277954
191.72427007247924
197.5085198550415
204.6505820743866
209.5101650553131
215.9718319961853
222.13849898092653
229.0483939637604
235.54431102479552
242.53356106675722
249.32504021934508
255.82741488746643
261.2199361010895
266.88420719264224
272.1440610247955
277.88314414305114
283.3407068817444
290.5245190743866
301.98645706484984
312.3423940648498
319.941956961853
327.2798519275207
330.4512481945496
336.0268720991821
341.3357678340607
347.89537218692016
354.71368500953673
359.9137059923706
365.1692058588562
371.617831082016
377.7939349923706
384.1217890495911
389.4470602117157
395.7920599351501
402.10589285694886
407.3853719217987
412.56910203051757
419.82530994659425
427.65485116212466
433.97512188746646
440.0433929961853
446.2881429332428
452.82147594277956
460.4374968779297
472.9097050419617
484.0010179065399
490.3534760019073
496.8504968874664
501.2258088035431
505.7210179580383
509.98372595803835
514.305371879837
518.6971431735687
524.2019338855591
539.8046630419617
560.876892043869
566.4306208836517
573.0902458378754
583.2859960171661
590.6286839923706
599.6125169427795
606.8836840572204
614.1307670686646
621.3292880152588
635.389121
692.1611000171662
776.1269960953674
819.0196839160767
869.9351838168946
927.5737251411438
962.9047869923706
994.5396819599457
1016.539286950409
1039.9429531296996
1090.32324518692
1132.145223950409
1156.5711411296998
1165.0652660057222
1176.1061200629424
1195.84845290654
1233.537307
1273.2426200152588
1310.654431912262
1351.817827895096
1403.3610570782014
1419.0458270247955
1424.5360980419616
1428.5371609504089
1436.0871181335144
1444.314429961853
1448.2050758321534
1452.9102629732972
1504.7886800514984
1519.2677630972748
1533.5546591029968
1548.0050960877381
1557.6890760228882
1563.6124300019073
1567.7716589542235
1572.3237840686645
1577.9393669694825
1583.5220761163482
1592.6039091869202
1599.3710339847412
1605.753470917984
1612.952574956131
1619.7534290438691
1626.8168251430511
1632.337034181198
1655.3849290057221
1667.3799291430512
1681.1559500209808
1687.2754089542236
1691.5863040648499
1696.0514918950958
1744.174094967575
1882.3676170686645
1890.375449851227
1895.5543669771118
1901.0470539217988
1904.4560749313355
1909.5842420629424
1913.3983248722077
1918.177325082016
1928.585282929428
1935.3191369732972
1943.897637131607
1955.7056791602172
1966.3370539408722
1976.6657
1987.2146370152589
1995.6744709713898
2002.4946579980926
2009.1765539198914
2015.9759710419617
2020.8256999427795
2027.5271169656678
2034.4477619008178
2056.1561581773835
2079.8334498779295
2088.514574900818
2097.288178948502
2104.137428912262
2109.5447001297
2114.639929133514
2121.36188709346
2128.3612830534057
2135.0252210247954
2142.035345984741
2152.617742099182
2157.7761999923705
2166.7510958912812
2172.064803982834
2183.0560328664856
2189.577595992371
2196.569720853134
2203.287762005722
2211.7838871888275
2220.3859919485017
2228.905179017166
2238.8558669160766
2247.665136839783
2254.1562621087187
2262.5741789809267
2271.355950074387
2280.2484500572205
2288.8059709866484
2302.168804017166
2316.8089501010895
2334.1995330362397
2347.0650748989106
2357.23276206485
2367.56999193515
2375.0403248550415
2385.3765330839233
2393.3135959809265
2401.264616900818
2409.0022421125336
2416.20063687793
2423.249617097275
2437.64130409346
2445.558115897003
2455.527698984741
2462.360970154495
2469.7475121506804
2478.0326989809264
2486.4183659408723
2493.2881790476836
2500.8351990019073
2508.098720083923
2515.785616198364
2528.602554078201
2545.2495330934603
2563.913344973297
2580.983636862671
2588.3612200038147
