0
0
0
22.692766171661376
34.31383812588501
41.02399216403198
49.31291184550476
61.23412495040893
71.35821795040894
81.75565214305115
89.9299420743866
98.20246094468689
104.84899594277954
113.81793709727478
122.61322787030029
131.20358406866455
140.0935679847412
148.9639369294281
160.0041910896454
168.55395291798402
175.18612284931945
183.476769125885
192.02465708201598
202.0611359847412
208.87520608583068
213.87697682261657
218.8688681335144
224.13648708583068,3
233.62234107438658
245.79767709536742
252.44251788555908
260.33895093133543
272.0712671163483
281.96540887602237
292.3812440114441
300.2449151411438
308.56631886076354
314.9183938989105
324.1491190133514
332.6384639885559
341.1897971144409
349.97253604959104
358.70082691035464
369.5884999637604
377.7709988855591
384.4061869446869
392.74910803242494
402.1091150534058
410.7599490553131
417.63397
422.69105104959107
427.6129399847412
437.3359149923706
446.2296140915527
454.77458197138975
461.477068874115
469.8137178912811
476.2848059675751
484.5733229809265
491.174149082016
499.53326894659426
508.05987904196166
515.0404948931885
521.5786489160766
526.6032638874665
531.7002479160767
538.1481939217987
546.2858940400544
555.454198038147
566.3401171907349
572.9728719809265
580.9002981049042
592.4287489408722
602.4110830324249
610.7959240228881
619.0334000019074
627.1567330877381
635.1846280171661
644.0796239713898
652.3568640114441
660.3023060305176
668.6854010209809
677.2218480324249
687.734018011444
697.4844718970031
704.2291540495911
712.2201631449585
723.131767038147
731.5327370782013
738.3870389141694
744.8849321182556
751.3175898683929
770.6708480095367
832.6246639713897
871.4579679408722
907.9042799866486
934.8301279351501
957.2211419523163
984.0382781220703,68
1034.7129898111725
1074.888771973297
1112.0821659809264
1140.0016400209809
1162.84156784169
1194.7751868168946
1230.9127740019073
1266.08395484169
1287.4238600247954
1304.1215200171662
1325.4146921373292
1354.4880001049041
1381.6624831792908
1420.383483011444
1471.8084781449586
1493.741829059128
1501.9581710762939
1505.3911890972747,83
1512.490396950409
1520.6424678283386
1529.6650780419616
1538.8107848207092
1546.7946131850128
1556.002371944687
1565.273088032425
1573.2495889923707,85
1579.0661529408721
1588.0895520514985
1596.0980010076294
1605.341407120163
1614.3223569923707
1622.5055911106263
1644.984663038147
1653.4107850095368
1662.4749301068116
1670.4202000839234,92
1678.8315960419616
1687.9531070648497
1696.1053538493195,83
1704.6974280095367
1712.8362268760222
1716.392579017166,83
1723.3035640419616
1731.6062361296997
1740.725688944687
1749.7575390724792
1757.8139480286102
1767.0292720686646
1776.3245030953674
1784.743349099182,85
1790.0110580801086
1798.9308680362396
1806.9077071163483
1816.2356020190734
1825.443686
1835.5513359961853,95
1840.052340835968
1845.0626860343323
1850.0223749408722
1854.806234082016
1859.639805967575
1864.4537631392363
1871.0056329771119
1876.881333982834
1881.7503700972748
1886.6995989923705
1891.782601979019
1895.7083789427795
1899.9177969923705
1904.3521140553132
1908.151085049591
1911.950687830246
1917.068853005722
1921.1639031182556
1925.084511082016
1929.3746170419618
1933.5367009809265
1937.7900030419617
1941.979691900818
1947.6468900782013
1951.8706270228881
1955.718012125885
1960.9260230610353
1965.5032898092652,95
1969.6808619198914
1974.3692700457764
1979.5766461811982
1984.344202026703
1989.1687322193452
1994.072278824524
2000.8214940495911
2006.719976938965
2011.7210498455047
2016.5128730801086
2021.6488568950958
2025.8329818054503
2029.9761650782013
2034.3183308779296
2038.6231739198913
2042.240811912262
2047.4163201277925
2051.776659956131
2055.954152038147
2059.999942967575
2063.9333331392363
2068.172995143051
2072.6078300743866
2078.468945043869
2082.5208001220703
2086.6965529485014
2091.663620994278
2096.3831990572203
2102.216561982834
2107.0822490991823
2112.2555419065397
2117.1330449313355
2122.3769048722074
2128.1606569485016
2133.1638371277922
2138.6400809713896
2142.759757055313
2148.121355979019
2154.3458118550416
2158.8801950953675
2163.641314881744
2167.6327571621246
2172.6172061220705
2177.727892933243
2181.933059135422
2187.079740885559
2191.3611860457763
2196.359520982834
2201.5036568741148
2205.839984055313
2209.615720988556
2214.7842919504087
2218.9437028931884
2223.144110950409
2227.279693900818
2231.313056912262
2235.8519129771116
2240.1244759771116
2245.8842351068115
2250.5555228989106
2255.8368249809264
2259.894961049591
2264.382586108719,123
2270.2029491068115
2275.4034840724794
2280.3085410343324
2285.2518359599458
2290.186616085831
2296.1880600362397
2301.322211954224
2306.45774493515
2310.779010022888
2316.057016998093
2322.645015824524
2326.970699009537
2331.669356011444
2336.0124610839234
2340.9657848493193
2345.910046055313
2350.361040984741
2355.1979441335143
2359.4774489790193
2364.4051981010894
2369.5931480858308
2373.8229479408724
2378.3328229694825
2382.901718078201
2388.288406169754
2392.416675082016
2396.2562290457763
2400.497106005722
2404.6125638989106
2408.967638996185
2414.1989131373293
2418.9205181144407
2423.910677009537
2428.070229897003
2432.724430868393
2439.7864559370573
2447.3868490343325
2453.169861982834
2458.4282269980927
2463.5948210953675
2468.857537897003
2473.7290590247953
2478.869888818802
2484.5139348149874
