0
0
0
12.782415910354615
23.78306197138977
34.501374938964844
41.72662501335144
50.12520784550476
55.62089507820129
62.61383309536743
71.22139492752075
79.83031211062622
88.8326659370575
98.15174917356873
107.14431182452392
115.75245707247925
124.72385317929077
133.35435298855592
140.20849898092652
148.99254094277953
159.77633195040895
168.5166648664856
175.27351917738343
183.90599815068055
192.73774803814698
201.3937269065399
208.56310205340577
216.90745600953673
226.48212299046327
237.0101849961853
246.08172683787538
253.2256229370575
260.60858114686584
269.3214768474121
278.13768489891055
286.6925190934601
295.3459770190735
304.8909148626709
315.17412287983706
323.73881002098085
332.09783091989135
338.96208111062623
347.4421019713898
355.6818311773834
366.6102900209808
374.8818100953674
383.80208097901914
392.4905191678467
400.97085202861024
409.53941503433225
418.04976913542174
428.71449781498717
437.09826900190734
443.8977688435974
452.3394350114441
463.1060191449585
471.3198730038147
477.9756019885559
485.1001019637604
492.22772707247924
499.30705989318847
507.87689294850156
523.6516220629425
575.9156218779297
614.3964560305176
652.5560601010894
694.5451849771118
741.6237268664856
772.7279139771118
805.7678520267028
847.225393043869
888.8167469961853
894.6147050343322
899.0440380286102
903.3695168474121
908.1894331125336
913.0612671049041
917.7798078321533
922.2052249809265
926.7252250743866
933.56657915831
938.3172669790191
942.9644541049041
948.5803919713898
953.2928078531341
958.9694540209808
965.836307803543
971.7480381850128
976.2843080286102
980.9637249084473
986.0368922155304
990.7164540057221
995.5010171983643
1002.2923919485016
1008.100413
1012.4322041068115
1016.8636830247955
1022.7340369332428
1027.9730370362397
1033.5829539675751
1039.3180369542235
1043.7696420457764
1048.407412125885
1054.1512039332429
1059.7353290209808
1065.4726419523163
1071.1545170514985
1077.0307460743866
1082.9444540247955
1088.4884538779297
1094.0947870743867
1100.8789330076295
1106.26391215831
1112.9740790610351
