0
0
0
0
0
37.92442399427795
84.38214906866455
116.64888797138977
140.5819218779297
150.75982500190736
159.72028120599364
163.299156
166.6130240228882
176.37700613160706
199.5435390972748
229.9084839294281
262.50935696757506
318.5447970114441
378.9579708683929
484.32476304959107
545.1241400038147
586.2940429542236
620.4598049580384
657.7572720839233
701.741202038147
773.133376120163
800.0607139904632
835.6612108912811
894.5443260019074
943.4100429866486
978.6357030190735
1034.8212718893737
1070.054864038147
1108.2184809427795
1134.1383980724793
1171.1661579847412
1231.9893050343323
1288.2059398760223
1312.0339628874665
1358.5302328683929
1375.6346450629426
1408.1980398416902
1434.169590961853
1459.065490950409
1510.9969379332429
1545.6966319332428
1601.128090049591
1642.8791828283386
1658.5600611220702
1680.0971669847413
1699.244262
1712.1695271125336
1745.4334249084473
1793.150108011444
1846.3177860343324
1889.8487000553132
1918.859342038147
1940.4877698550415
2046.1072878722077
2088.2159748950958
2134.0798020019074
2200.336498832153
2248.40394315831
2298.1180810534056
2334.43906306485
2355.978715900818
2382.487508032425
2395.044849824524
2413.958537085831
2431.429628146866
2449.139664026703
2474.3671061773834
2526.82589306485
2543.840277917984
2555.9529742002715
2582.7071900534056
2617.706583826431
2657.8496391010895
2688.3528699198914
2716.1714659904633
2747.814814950409
2757.9738680152586
2764.6221738703002
2776.0384820953673
2787.6228280534056
2797.748664982834
2811.1835062059936
2827.626269944687
2838.1198591277926
2844.895274043869
2852.192774950409
2861.0913760286103
2864.295569015259
2868.276173946594
2875.7920400019075
2883.48156902861
2895.6288789961854
2907.341414055313
2920.7712190419616
2963.4957320324247
2983.016946864578
2996.2601080228883
3003.2782390743864
3011.1460688664856
3025.411648929428
3039.3879849637606
3045.7396490457763
3052.2909319542237
3058.4975449961853
3064.881478938965
3072.17686702861
3079.282120912262
3086.243984853134
3099.574096049591
3113.657548832153
3131.0496128321533
3147.4943880171663
3164.1767529427793
3169.924272917984
3178.560964131607
3189.382089996185
3198.092187990463
3209.0756550629426
3223.823135830246
3232.1110930076293
3242.399612120163
3259.423541998093
3273.5203880514982
3299.2439408493196
3327.3587408950957
3357.0933690896454
3381.8817530019073
3411.3753469637604
3424.3436481010895
3451.3616869771117
3483.2701898722075
3509.5101038893736
3528.661952003815
3547.164228123978
3558.15745490654
3588.117563917984
3620.621227797821
3638.5423909523165
3644.656869923706
3650.5894851964567
3656.4572739198916
3662.099923992371
3667.092180944687
3672.519166795914
3677.902229933243
3683.1877320419617
3688.5783509866487
3694.3329180686646
3699.5915750228883
3705.186490967575
3712.4694120839235
3730.3600379637605
3742.101881167847
3752.222965979019
3759.1000749980926
3766.7441440858306
