0
3815.282921003815
3822.8178258817443
3829.7110780019075
3841.511799858856
3850.3023229485016
3859.354363003815
3866.756417950409
3875.461818853134
3882.728227085831
3892.110555998093
3901.045296944687
3908.5194719771116
3916.0041641449584
3924.0261489904633
3945.313264011444
3952.932173074387
3960.245904141144
3968.0012850381468
3976.0491081335144
3985.564721994278
4009.4331638340605
4024.841690110626
4034.169281979019
4041.3065071831056
4049.2320559046325
4057.4357239923706
4065.137858034332
4079.068203070572
4109.19426602861
4133.653143933243
4167.1485479446865
4192.271166973297
4217.164930897004
4241.6322069504085
4262.189667019074
4282.13053810109
4317.114808026703
4339.8789418950955
4366.607142845504
4386.488198017166
4395.368590123978
4409.270563038147
4415.752022996186
4423.100238969482
4436.275282156403
4453.533392782562
4467.3503910152585
4474.236112160217
4485.084790990463
4494.188717061035
4504.300942973297
4542.273049902725
4569.848176992371
4589.615406099182
4615.540347123978
4648.65372784169
4678.591971108719
4717.027437816894
4742.647380998093
4766.911938883652
4781.014451980926
4802.583798141144
4836.546109013351
4878.552427131607
4911.218301897004
4933.813397019074
4951.697005013351
4962.934394876022
4987.779343131607
5022.011419944687
5074.071233879837
5137.5861880896455
5205.820719072479
5228.70128610109
5237.1821769980925
5244.354873013352
5258.900390053405
5360.487587897003
5448.03967094278
5490.969440912262
5522.674272835968
5558.478178120163
5581.106282996186
5614.585532087738
5644.30552687793
5665.747645135421
5679.01952497139
5697.259773980926
5720.901128099182
5742.613549919892
5772.54953010109
5801.188695967575
5841.101967074386
5884.5489681010895
5903.612265064849
5922.287179017166
5929.333095020981
5948.357433188828
5960.580364
5969.316404078201
5994.852784091553
6033.7006021411435
6042.384160923706
6054.589613051498
6069.2046140610355
6088.576532843597
6094.816018091553
6102.152075057221
6109.74407406485
6115.8796850553135
6148.435140043869
6179.939293992371
6203.203365931336
6219.05936387793
6236.12326400763
6254.893662967575
6285.957730097275
6310.574327034332
6343.125981080108
6357.81154181308
6375.00088289891
6389.280369108719
6406.728447062943
6411.152544087738
6415.952796040055
6430.888510148773
6443.440595956131
6451.287775839783
6461.312106007629
6465.7365339599455
6471.368564167847
6476.232118845504
6480.736223959946
6486.60258209346
6504.727965897003
6564.378069068664
6632.114140891281
6680.769200101089
6698.073182001907
6713.377026975205
6719.70521497139
6725.946319908448
6738.853796104904
6747.117915148773
6765.128365083923
6787.712357956131
6815.4083960553135
6869.471395061035
6891.157922858856
6950.581950883652
6968.488773822616
6983.4194279256135
6990.291163904632
6997.654242059128
7005.85038315831
7019.275340872207
7030.451339990464
7053.506509057221
7082.47677608583
7093.860531009536
7131.262129032425
7152.157732940872
7174.125880114441
7193.500876114441
7209.790916076294
7296.530480194549
7381.523601225067
7443.982923213623
7498.535073020981
7556.4311201678465
7641.022374009537
7678.68051694278
7699.536583889374
7724.808575963761
7743.33658284169
7758.480714895096
7775.208642059128
7825.137017032425
7853.177816921799
7907.024260116348
7928.816171933243
7942.151451209808
7959.848270998093
7970.785197034333
7981.793441931335
7992.8085340362395
8008.064530078202
8022.46438193515
8030.9358441297
8040.933352009537
8060.534091152588
8077.245194118255
8093.309173009537
8115.453221824524
8165.501611921799
8182.685608937058
8197.325454041962
8214.333427938966
8220.51061298474
8226.573742948502
8239.849056024796
8252.977003045777
8266.345185837876
8280.720603148773
8285.856366994278
8292.153119925613
8296.447968001907
8302.809115824524
8309.95319187793
8315.80114592752
8339.992395912263
8347.233251849319
8354.625303001907
8361.294746114441
8367.269633019074
8373.061596074387
8378.965625118255
8386.853464891281
8422.518336902725
8469.021399923706
8517.817119076293
8541.664331959946
8569.911471177384
8586.967374171662
8604.618049975204
8629.113223099183
8648.241266120163
8660.993224975204
8668.32959817929
8685.409444102997
8698.401498967574
8716.225233087738
8730.505605059128
8741.059095794006
8750.70162096376
8755.741608925613
8763.453714818801
8779.030088794007
8812.574413961853
8820.519469133515
8842.773486843598
8899.677655887466
8926.839421904633
8930.255882198364
8934.816802068664
8939.61608309346
8944.496066207901
8949.303826057221
8954.111905144959
