0
0
0
46.36781202861023
66.92743688937378
88.43883201907349
104.32697797711181
122.46829098664855
140.29433186457825
156.21024899427795
165.7990190934601,3
180.09053995803833
200.79531107247925
222.02110306866456
237.65068588365173
256.181164961853
273.87899900381467
289.70529013542176
309.00308187411497
326.6032071525879
349.2836240209808
369.4854570629425
390.01429004196166
412.7801441296997
428.4154151068115
447.07433189891054
466.5703741602173
482.00439415830994
498.36555997520446
521.8510191468658
564.1054350076294
585.7145598779297,22
625.1239629732971
646.8767761277924
686.1621710247955
728.5688380133514
757.7625670991821
773.3829421392364,24
813.6847960572204
857.3405669656677
886.3740040190735
919.7304201392365
925.6117951869202,27
936.8967738531342
956.2646489275207
976.9419818989105,28
990.9098979771118
1012.7146689408722
1089.8629821125335,27
1101.7966690343324
1121.9723768779297
1146.7567321506806,31
1162.8958359694825
1180.1617111907349
1195.7388150152588
1209.0484821888276
1223.578522923706
1240.6855438645782,31
1257.059334982834
1275.2201681792908
1291.2120219790193
1305.0916680286102
1319.7992510133515
1338.0483549485016
1351.9376259389649
1365.680250891281
1381.4091679389649
1399.6331260019074
1416.9116471125335
1434.1102089923706
1446.4641679713898
1460.6123550514985
1473.6154180286103
