0
0
0
40.29337786648559
46.36509711634827
53.85959794468689
61.571425967575074
67.5123530782013
73.66733998855591
79.8573739408722
87.183051917984
96.44624410108948
105.15583402098083
111.50770894277954
117.35624691416932
123.37334896948242
129.40105795040893
135.51159301335144
141.66804708392334
148.62545111253357
157.819405043869,3
163.63569482070923
169.8574408588562
177.16869098664856
184.76908815830993
190.99122596948243
196.84989507629393
202.79788794277954
210.21135303051759
219.35838916593934
228.09755883787537
234.53152092179872
240.35740007629394
246.38160201335145
252.41389195613098
258.44222104959107
264.5898490362396
271.84148796185303
280.1443498760223
287.75317208392335
292.72192712588503
297.50711701716614
302.315246169754
308.23493598092654
314.1235530572205
320.07104002670286
326.3582240667572
333.419278
339.3954191449585
345.81923091035463
352.0273960953674
358.30003796185304
364.9240990896454
371.0105440495911
378.50563195040894
386.02113096948244
391.98966078637693
398.029593120163
403.8029149294281
409.69892400572206
415.5241330896454
421.50060697520445
426.147182917984
432.17287703623964
441.3875529485016
448.9914118512268
456.54733310299684
461.22913803051756
465.7312961335144
471.80458893133545
477.72578200190736
483.8503209523163
489.4031558474121
495.53951215449524
501.2737409923706
508.9715190114441
516.4989429217987
527.0500880267028
566.8454211010895
590.6421738264313
606.3094479904632
621.9950170228882
637.4523638703002
644.4091580267029
655.6990538416901
667.2054820801086
674.5090039294281
686.1316821525879
702.0264480553132
721.4994008435974
737.3162579923707
758.2355521296997
769.5057310686645
780.5938958798371
791.4611389713898
802.3244629370575
813.8268639713898
825.2346739008178
844.4501909790191
863.6305739275208
882.9948570190735
901.714074961853
916.6714129847412
928.0873200324249
935.4640339790192
942.8617550839233
950.2459370514985
966.1243038607636
981.671893868393
1001.2940820305175
1027.9351640572204
1050.2720179828339
1059.626416856949,93
1068.8346550019073
1077.977564087738
1087.0723138779297
1097.8853171125336
1105.7813759961853
1115.2837969790191,95
1124.7300039313354
1135.1422689294282
1143.232092070572
1152.454018038147
1164.0135350743867
1175.2538480667572
1177.7567748893737,99
1189.3283120915528
1200.5145660648498
1211.9968131392363
1224.837624104904
1237.723146984741,101
1246.267892868393
1259.4208951888274
1272.4566950286103,93
1281.7374860247955
1290.9425349694825
1300.270195076294
1311.0412100782014
1319.1006929713897
1333.2944440629426,104
1346.7507489828338
1351.8749280419618
1357.860685114441
1363.9898730934601
1369.2466989980926
1373.4781589465942
1377.927477114441
1381.9495352117158
1386.1657119694823
1390.5358800991821
1394.9578388950958
1399.4379299618531
1405.0375829885559
1410.3414811564026
1416.8137988493195
1422.2861570305176
1428.597504169754
1434.012693994278
1438.7975468035431
1443.149825803543
1447.5179120267028
1451.962475830246,104
1456.2698408893739
1461.6915099961852
1467.918617900818
1473.9776179256135
1479.2834350972748
1483.7096729103546
1488.3020511354218
1492.5818771087188
1497.100586950409
1501.5171918950957
1505.9833260858306
1510.4467070228882
1516.0176179256134
1521.4517228493194
1528.0010988779297
1533.4126088435974
1539.8899270801087
1545.2369449847413
1550.0462530896455
1554.2726460858307
1558.6837629256133
1563.1797470629424
1568.210468087738
1574.8756420286102
1580.954108956131
1586.4050729084472
1591.604911175476
1596.0972789904633
1601.1565979809266
1605.6371219752045
1610.300661835968
1614.3888700076293
1620.1048520476836
1625.0451377940065
1630.2524829809265
1636.2006140228882
1641.580911017166
1647.898440169754
1652.2673898149872
1656.2853219980927
1660.8861991125336
1665.2075798989106
1669.7271508550416
1676.390242
1682.0469501831055
1688.5977550495911
1693.8874260400544
1699.4077139141693
1703.7030680419616
1707.9670268550415
1712.5157640858306
1716.8668249446869
1721.1829519904632
1726.4486950209807,126
1731.6950671049042
1737.9017040457763
1744.2088631678466
1749.4406199485015
1754.514931114441
1758.9918111010895
1764.1376980762939
1768.6869969656677
1772.9165710019074
1777.0329268989105
1782.6309130305176
1787.7572350896453
1792.9299291773834
1799.0292301087188
1804.2110580171661
1810.4119609809266
1814.6513441163484
1818.9567558188019
1823.2351029752044
1827.5710848149872
1832.2833509637603
1838.6361489790193
1844.0838449275207
1850.803584108719
1856.0757928664857
1861.5216930839233
1865.6437719961853
1870.2320779027252
1874.4986979370574
1878.6759240305175
1883.1152300457763
