0
21.327946980926512
27.062086009536742
32.46393090081787
36.2733780667572
40.02693394468689
43.729317053405765
47.641873080108645
51.35361198283386
55.17833294277954
59.00891604577637
62.70446396757507
66.47121920217896
70.55838994277954
74.36558192179871
78.35385380926513
82.31843312016296
86.41993115258789
90.65449406484986
94.39087496566772
98.30563408583069
104.21787691989135
111.71386597138977
119.3859000743866
126.82834992561341
131.0855950114441
135.03090393133544
139.11360012779235
143.0129578588562
147.1129901220703
151.1569401106262
155.09164988937377
159.1057589446869
170.4508949923706
185.4565019847412
191.40495293515013
197.09518209155274
202.91689402479554
208.53837289891052
214.29964718310546
218.1568241068115
221.95558791607667
225.85728922125244
229.5619011220703
233.18984906484985
237.1439649217987
241.22118204768373
244.5554911144409
248.45192393133544
252.30496518310548
256.35447477874754
260.5296881373291
264.22049706866454
268.5380939732971
272.54577198664856
276.5881710553131
280.5138238569489
284.4370301010895
290.0867450400543
295.78592998664857
301.2330010362396
306.9381710076294
312.64009582261656
319.82149496376036
326.9945629084473
332.48879402670286
337.88167402670285
343.1813210705719
348.46753800190737
353.9379331125336
359.15725711062623
364.5797239408722
372.0415810991821
382.2219238703003
394.7870670629425
405.32036903814696
410.67309
415.99606291798403
421.2112958435974
427.2845501487732
437.63522616784667
448.1133561487732
458.30468498092654
465.91445696566774
471.73462505722046
477.2692210934601
482.4702069599457
487.1722030076294
494.4981280953674
502.08637109536744
508.51734599046324
516.5735529847412
524.597770956131
531.1908119408722
540.9300889351501
556.2207561506806
572.1770759866486
594.6819868474121
604.6560529923706
609.8176179065399
615.6388129465943
622.1658431373291
634.4595160610352
649.0797840629425
663.9135179275207
680.8922211049041
710.1642560991821
737.1642919980926
750.1278110915528
764.0917071029968
771.6348540896454
784.9464320362396
793.8086021010895
802.3897971678467
808.475463087738
816.758545944687
823.9637279256134
841.2163701564026
853.7757279828338
868.7766420801087
878.855373950409
883.651719038147
899.1649909923706
916.7221158950958
925.5330409828339
944.9197939752045
958.3532471392365
971.9055129637604
982.9166528512268
1000.2793038760224
1007.5370230152588
1015.7213520877381
1021.3350981239777
1027.0972479446868
1033.1425000343322
1039.4156312098085
1045.3989510629426
1053.8941909713897
1058.3867781087188
1064.5006918073577
1070.1995818550415
1076.4851108855592
1085.8462399828338
1098.3561369446868
1122.7331889256134
1134.4369420305177
1140.8770509389649
1177.3049400019074
1223.881216944687
1261.1957799904633
1318.3894481354218
1341.774866026703
1360.5508379752046
1377.4837950667572
1401.5830080782014
1421.1034760724792
1431.7009721907348
1451.5911101277923
1470.964417043869
1482.0963919809265
1493.9970241583098
1505.7162370171661
1515.7964230915527
1526.2044941735687
1545.1630359713897
1552.3418539961854
1557.8842709046326
1563.4763099008178
1569.1091440629425
1573.924333131607
1580.3771970953674
1598.8000811316072
1615.2689949351502
1624.5312230343322
1635.4035240209807
1658.5931730305176
1681.8978618703004
1692.4599887959137
1698.1605150324249
1703.718096082016
1709.3673110209809
1716.3840340209808
1723.7661049275207
1729.2656778779296
1740.1444010534058
1779.5893191449586
1840.642994862671
1923.0046930305175
1983.2606139961854
2022.4860199637603
2042.9372350629426
2065.9204689141693
2098.719955929428
2138.174267152588
2171.6992740019073
2186.493053923706
2194.903123803543
2208.1126849694824
2217.230388961853
2235.6700669828338
2244.695601967575
2254.1541099370575
2275.531591009537
2289.9986788226165
2296.638587994278
2316.6638740839235
2346.4716341392364
2362.5863838817445
2384.595067043869
2405.9554250934602
2421.3494290782014
2428.2254659904634
2459.0686149580383
2516.0051979217988
2554.114333889374
2599.0992679904634
2639.953033994278
2662.781528055313
2712.44429915831
2732.545528118256
2758.949899996185
2774.420488011444
2791.1480129790193
2807.734909020981
2840.5629198626707
2882.8509130438692
2911.3828599637604
2940.019584967575
2958.6956149637604
2968.1603210305175
2978.907002961853
2993.215710809265
3004.0523479694825
3019.6575930953672
3035.1871531564025
3042.6959711430513
3050.1813640209807
3057.991356933243
3068.297830895096
3077.713850961853
3085.4521208645783
3096.7892841564026
3111.4017939923706
3118.728020977112
3135.6949780076293
3145.0441071354217
3153.4789261068117
3168.486132003815
3181.1633431754763
3187.4921051335145
3205.634778996185
3235.0241959217988
3252.092665998093
3265.154811125885
3282.516382175476
3309.080515834061
3336.293803034332
3369.9502158931887
3403.2227100267028
3441.192663108719
3507.0206149256132
3547.8226581297
3572.427229856949
3598.3991287768404
3619.2518820591276
3647.6233880267027
3681.6630700457763
3699.949559996185
3709.0865238760225
3723.856773143051
3730.31578602861
3736.4629489580384
3742.592956055313
3748.666696950409
3754.820147967575
3760.971887994278
3767.135606146866
3773.393249902725
3780.251581175476
3787.023512830246
3794.097732862671
3800.7847901277923
3807.8388240667573
3814.7741939732973
3822.0618440743865
3829.190832994278
3836.0636378397826
3842.9635419370575
3849.922683198364
3856.4485449599456
3866.8619210514985
3873.3986419141693
3880.118325047684
3886.815007131607
3893.8943521163483
3900.8554719694826
3907.6540249198915
