0
9827.82244817166
9909.159306139236
9976.815402944687
10190.097546078201
10243.245493887467
10298.980620900818
10375.140953879836
10447.503155874116
10456.799015070572
10466.381197011444
10501.332630017167
10530.495189937057
10558.212847001907
10579.469935862671
10609.133443984741
10643.309307969483
10659.637232998093
10668.027870030517
10698.16917197902
10747.035410040055
10831.037455152587
10896.365855990463
10928.740810961854
10941.988567994278
10961.310392095367
10977.213717826431
10993.307817980927
11008.724409902725
11030.852471045777
11042.83762093515
11053.051913022888
11075.75810802098
11109.581572879837
11140.757506992371
11171.501354952316
11205.357612923706
11214.909401862671
11233.674643927521
11252.38094117357
11265.978319988555
11280.820129847412
11290.374717049592
11304.374263001908
11319.757523927521
11336.045470066758
11352.243905047684
11369.192154001907
11380.544232082017
11400.900546923705
11416.300687045776
11430.237991144959
11443.070374053406
11451.735330971389
11459.799144979019
11491.094845937057
11561.226013851227
11601.566920851226
11646.94344715831
11685.223179127792
11725.623560043869
11733.09487511444
11744.062901961854
11756.192079045777
11798.458195866486
11836.170013051498
11858.131272855042
11873.608189038147
11894.031871024796
11909.959345076293
11920.59935006485
11938.207247885559
11953.494506118255
11968.319793944687
11987.824200108718
11996.319768912263
12004.88607095613
12015.471934988556
12039.727684935151
12050.879104929429
12062.936318009537
12084.246031996185
12093.215489790191
12110.739823956132
12164.061706070572
12222.705253870301
12277.119662015259
12327.646383078201
12382.870192040054
12422.92528290654
12446.74635795041
12462.338445898911
12479.500992062942
12495.170202026702
12509.027157034332
12522.20305491417
12537.352865146866
12546.24867393515
12560.482327070571
12567.48073187793
12578.16824481308
12585.023926835967
12595.577187904633
12606.09516991417
12611.495099996186
12616.775482868394
12628.785685112534
12634.511322125885
12639.35807498474
12649.848429074387
12662.897295083923
12668.527637001907
12673.960356074387
12679.488769198364
12692.82588387793
12700.69909691417
12722.779814988557
12731.738259005722
12741.406006946594
12747.532883125885
12751.916638062943
12757.57005021553
12765.420996070572
12772.547737082015
12781.213229013352
12790.142523780654
12800.170362061035
12808.77521302861
12816.539156024795
12822.680307173569
12835.213387061036
12845.654574948501
12854.442171219345
12862.123062211716
12871.658713133515
12900.74552595041
12959.151147879837
13009.517395009536
13064.20442897902
13082.612231001907
13097.412848104905
13123.226328952316
13164.796575948501
13174.468101969482
13186.411558156402
13198.716280881745
13244.901517068665
13275.500434946594
13291.900567158309
13300.748386074387
13307.092458078201
13316.700860211715
13333.324770982834
13353.079394959947
13359.229088883652
13365.29424305722
13374.23742001335
13382.300972925614
13388.708185919892
13405.389720994279
13413.140550969483
13419.0528780782
13427.933008879838
13442.643246937057
13475.165947950409
13527.026992898911
13558.233944998092
13577.802016013351
13620.547600986649
13665.898217146865
13702.458178862671
13800.757630087737
13837.547570893188
13855.477593102996
13887.901708969483
13903.807428062943
13918.693300938965
13935.221237167847
13946.391130902724
13957.140012948501
13970.317749975204
13980.157080937057
13995.869915165938
14011.454220967575
14023.696550137329
14034.340473022889
14044.300276005722
14054.476065055313
14063.49145895613
14078.21376687793
14093.243366948502
14111.723671125885
14130.143314001907
