0
0
67.51241599046325
81.60475006103516
91.58391588746643
108.63137499237061
151.22710402288817
187.49299904005431
204.04793697520446
208.97079102098084
214.52718602098082
219.90979101907348
226.15827008010865
268.63914484931945
307.133353082016
327.476894961853
346.9512700553131
357.5067070629425
371.3884150896454
381.9737698664856
391.897414917984
396.83353996757506
401.39252002288816
405.98616503433226
413.9612488493195
423.32406101335147
433.8048939485016
443.5273939637604
454.17074880735777
463.6607070228882
472.85204006103515
481.7469990152588
490.3234570591278
499.274748917984
508.73674899046324
532.200331923706
559.7388320152588
575.4720189904633
594.7547899790192
604.4206859771118
614.3637691716614
621.2029568817444
628.6089990171662
643.7550819809265
812.3166648722076
842.5408310457764
868.3909979485015
892.730290076294
907.9417898798371
913.4248519275208
919.6228310915527
956.9804558779297
997.8897059923706
1018.1868311144409
1032.0513099809266
1046.1352889408722
1057.000329830246
1066.965058961853
1076.3921429923705
1080.8840801354218
1093.1172880152587
1104.3973920190735
1115.069496169754
1122.3263500133514
1129.2409540801086
1135.4265579389648
1140.0973498455048
1144.3747040534058
1150.217537087738
1178.0429330858308
1242.9787869904633
1318.8520991678467
1359.93645293515
1414.272912043869
1463.005953076294
1538.191328011444
1589.9519110400543
1597.239619137329
1641.124201979019
1651.5599729809264
1658.092347
1668.8585139847412
1679.0507848874665
1694.50661809346
1716.3636809904633
1735.6904930648498
1750.825806043869
1810.736910017166
1841.049325967575
1849.527284
1857.6407842155304
1870.479034131607
1879.8761378569488
1884.9903668874665
1890.0309708283387
1899.5481579847412
1922.8607409904632
1946.026157780655
1962.9059909752045
2008.134823895096
2059.0663649427797
2068.545927950409
2075.246219017166
2086.2224067901916
2091.230052938965
2105.8232610667574
2111.9176979275207
2116.3639899942777
2120.998697824524
2125.5586779980927
2130.621948003815
2135.733886047684
2140.6624069904633
2147.4362399923707
2152.6147821831055
2157.816281868393
2162.085114979019
2166.214072938965
2170.9088861888276
2176.166031803543
