0
0
0
32.64302012969971
50.07583287411499
58.48172792370605
66.98462416212463
86.78687382643128
119.76208195040894
141.1289778321533
155.14789409536743
170.60033197520445
187.57237292370604
208.42218516021728,3
234.36205987411498
251.71457999427795
260.4982679675751
268.50147516975403
288.79859994277956
323.392975038147
344.22176704959105
357.91035
373.237662961853
390.10184982643125
408.8672250553131
444.1616741773834
470.2010280400543
488.60079899046326
510.193631830246
532.5971321106263
540.9604030514984
550.432694885559
561.8814660133514
578.8416949160767
608.225757005722
625.6572160400543
642.8112568970032
651.3548199351501
659.4023819275208
681.4608609294281
717.641985994278
741.6615060972748
754.9944008416901
771.7112761087188
788.3545059160766
810.9077140686645
838.6896310019074
852.5057969809266
891.2762350190735
925.1437350419617
951.8524008531341
977.6075679942779
1004.0076929504089
1046.4969429790192
1083.1961509961852
1117.967400967575
1127.7030260038148
1139.3941928722077
1170.8032758092652
1216.4430460705719
1266.9337130591277
1291.8418169866486
1333.8696511735686
1389.8137130228881
1407.8440669103545
1421.5265669961852
1430.6577959084473
1445.0834011506806
1462.4555660286103
1486.1794622002717
1543.3742280572205
